# Blender 3.6.9
# www.blender.org
mtllib treeBases.mtl
o Cube_1_2
v 0.307753 0.203130 6.466705
v 0.307753 0.711536 6.466705
v 0.268213 0.203130 6.501040
v 0.268213 0.711536 6.501040
v 0.302547 0.203130 6.540580
v 0.302547 0.711536 6.540580
v 0.342088 0.203130 6.506246
v 0.342088 0.711536 6.506246
vn -0.6557 -0.0000 -0.7551
vn -0.7551 -0.0000 0.6557
vn 0.6557 -0.0000 0.7551
vn 0.7551 -0.0000 -0.6557
vn -0.0000 1.0000 -0.0000
vn -0.0000 -1.0000 -0.0000
vt 1.000000 1.000000
vt 0.000000 0.000000
vt 1.000000 0.000000
vt 0.000000 1.000000
s 1
usemtl Mat.7
f 4/1/1 1/2/1 3/3/1
f 6/1/2 3/2/2 5/3/2
f 8/1/3 5/2/3 7/3/3
f 2/1/4 7/2/4 1/3/4
f 6/1/5 2/2/5 4/3/5
f 3/1/6 7/2/6 5/3/6
f 4/1/1 2/4/1 1/2/1
f 6/1/2 4/4/2 3/2/2
f 8/1/3 6/4/3 5/2/3
f 2/1/4 8/4/4 7/2/4
f 6/1/5 8/4/5 2/2/5
f 3/1/6 1/4/6 7/2/6
o Cube_1_3
v -1.794570 0.169536 -7.918786
v -1.794570 0.677941 -7.918786
v -1.778390 0.169536 -7.868981
v -1.778390 0.677941 -7.868981
v -1.728585 0.169536 -7.885161
v -1.728585 0.677941 -7.885161
v -1.744765 0.169536 -7.934966
v -1.744765 0.677941 -7.934966
vn -0.9511 -0.0000 0.3090
vn 0.3090 -0.0000 0.9511
vn 0.9511 -0.0000 -0.3090
vn -0.3090 -0.0000 -0.9511
vn -0.0000 1.0000 -0.0000
vn -0.0000 -1.0000 -0.0000
vt 1.000000 1.000000
vt 0.000000 0.000000
vt 1.000000 0.000000
vt 0.000000 1.000000
s 1
usemtl Mat.7
f 12/5/7 9/6/7 11/7/7
f 14/5/8 11/6/8 13/7/8
f 16/5/9 13/6/9 15/7/9
f 10/5/10 15/6/10 9/7/10
f 14/5/11 10/6/11 12/7/11
f 11/5/12 15/6/12 13/7/12
f 12/5/7 10/8/7 9/6/7
f 14/5/8 12/8/8 11/6/8
f 16/5/9 14/8/9 13/6/9
f 10/5/10 16/8/10 15/6/10
f 14/5/11 16/8/11 10/6/11
f 11/5/12 9/8/12 15/6/12
o Cube_1_4
v 5.315548 0.131715 0.576554
v 5.315548 0.564440 0.576554
v 5.331167 0.131715 0.618300
v 5.331167 0.564440 0.618300
v 5.372913 0.131715 0.602681
v 5.372913 0.564440 0.602681
v 5.357295 0.131715 0.560935
v 5.357295 0.564440 0.560935
vn -0.9366 -0.0000 0.3504
vn 0.3504 -0.0000 0.9366
vn 0.9366 -0.0000 -0.3504
vn -0.3504 -0.0000 -0.9366
vn -0.0000 1.0000 -0.0000
vn -0.0000 -1.0000 -0.0000
vt 1.000000 1.000000
vt 0.000000 0.000000
vt 1.000000 0.000000
vt 0.000000 1.000000
s 1
usemtl Mat.002
f 20/9/13 17/10/13 19/11/13
f 22/9/14 19/10/14 21/11/14
f 24/9/15 21/10/15 23/11/15
f 18/9/16 23/10/16 17/11/16
f 22/9/17 18/10/17 20/11/17
f 19/9/18 23/10/18 21/11/18
f 20/9/13 18/12/13 17/10/13
f 22/9/14 20/12/14 19/10/14
f 24/9/15 22/12/15 21/10/15
f 18/9/16 24/12/16 23/10/16
f 22/9/17 24/12/17 18/10/17
f 19/9/18 17/12/18 23/10/18
o Cube_1_5
v 5.597124 0.131714 -1.533609
v 5.597124 0.564440 -1.533609
v 5.612742 0.131714 -1.491863
v 5.612742 0.564440 -1.491863
v 5.654489 0.131714 -1.507482
v 5.654489 0.564440 -1.507482
v 5.638870 0.131714 -1.549228
v 5.638870 0.564440 -1.549228
vn -0.9366 -0.0000 0.3504
vn 0.3504 -0.0000 0.9366
vn 0.9366 -0.0000 -0.3504
vn -0.3504 -0.0000 -0.9366
vn -0.0000 1.0000 -0.0000
vn -0.0000 -1.0000 -0.0000
vt 1.000000 1.000000
vt 0.000000 0.000000
vt 1.000000 0.000000
vt 0.000000 1.000000
s 1
usemtl Mat.002
f 28/13/19 25/14/19 27/15/19
f 30/13/20 27/14/20 29/15/20
f 32/13/21 29/14/21 31/15/21
f 26/13/22 31/14/22 25/15/22
f 30/13/23 26/14/23 28/15/23
f 27/13/24 31/14/24 29/15/24
f 28/13/19 26/16/19 25/14/19
f 30/13/20 28/16/20 27/14/20
f 32/13/21 30/16/21 29/14/21
f 26/13/22 32/16/22 31/14/22
f 30/13/23 32/16/23 26/14/23
f 27/13/24 25/16/24 31/14/24
o Cube_1_6
v -3.646871 0.112864 0.228954
v -3.646871 0.605157 0.228954
v -3.629103 0.112864 0.276447
v -3.629103 0.605157 0.276447
v -3.581610 0.112864 0.258678
v -3.581610 0.605157 0.258678
v -3.599379 0.112864 0.211186
v -3.599379 0.605157 0.211186
vn -0.9366 -0.0000 0.3504
vn 0.3504 -0.0000 0.9366
vn 0.9366 -0.0000 -0.3504
vn -0.3504 -0.0000 -0.9366
vn -0.0000 1.0000 -0.0000
vn -0.0000 -1.0000 -0.0000
vt 1.000000 1.000000
vt 0.000000 0.000000
vt 1.000000 0.000000
vt 0.000000 1.000000
s 1
usemtl Mat.002
f 36/17/25 33/18/25 35/19/25
f 38/17/26 35/18/26 37/19/26
f 40/17/27 37/18/27 39/19/27
f 34/17/28 39/18/28 33/19/28
f 38/17/29 34/18/29 36/19/29
f 35/17/30 39/18/30 37/19/30
f 36/17/25 34/20/25 33/18/25
f 38/17/26 36/20/26 35/18/26
f 40/17/27 38/20/27 37/18/27
f 34/17/28 40/20/28 39/18/28
f 38/17/29 40/20/29 34/18/29
f 35/17/30 33/20/30 39/18/30
o Cube_1_7
v -0.632478 0.303443 -2.845387
v -0.632478 0.811848 -2.845387
v -0.582242 0.303443 -2.830602
v -0.582242 0.811848 -2.830602
v -0.567456 0.303443 -2.880838
v -0.567456 0.811848 -2.880838
v -0.617693 0.303443 -2.895624
v -0.617693 0.811848 -2.895624
vn -0.2823 -0.0000 0.9593
vn 0.9593 -0.0000 0.2823
vn 0.2823 -0.0000 -0.9593
vn -0.9593 -0.0000 -0.2823
vn -0.0000 1.0000 -0.0000
vn -0.0000 -1.0000 -0.0000
vt 1.000000 1.000000
vt 0.000000 0.000000
vt 1.000000 0.000000
vt 0.000000 1.000000
s 1
usemtl Mat.7
f 44/21/31 41/22/31 43/23/31
f 46/21/32 43/22/32 45/23/32
f 48/21/33 45/22/33 47/23/33
f 42/21/34 47/22/34 41/23/34
f 46/21/35 42/22/35 44/23/35
f 43/21/36 47/22/36 45/23/36
f 44/21/31 42/24/31 41/22/31
f 46/21/32 44/24/32 43/22/32
f 48/21/33 46/24/33 45/22/33
f 42/21/34 48/24/34 47/22/34
f 46/21/35 48/24/35 42/22/35
f 43/21/36 41/24/36 47/22/36
o Cube_1_8
v 0.496786 0.291405 -2.786652
v 0.496786 0.783699 -2.786652
v 0.540700 0.291405 -2.761299
v 0.540700 0.783699 -2.761299
v 0.566054 0.291405 -2.805212
v 0.566054 0.783699 -2.805213
v 0.522140 0.291405 -2.830566
v 0.522140 0.783699 -2.830566
vn -0.5000 -0.0000 0.8660
vn 0.8660 -0.0000 0.5000
vn 0.5000 -0.0000 -0.8660
vn -0.8660 -0.0000 -0.5000
vn -0.0000 1.0000 -0.0000
vn -0.0000 -1.0000 -0.0000
vt 1.000000 1.000000
vt 0.000000 0.000000
vt 1.000000 0.000000
vt 0.000000 1.000000
s 1
usemtl Mat.002
f 52/25/37 49/26/37 51/27/37
f 54/25/38 51/26/38 53/27/38
f 56/25/39 53/26/39 55/27/39
f 50/25/40 55/26/40 49/27/40
f 54/25/41 50/26/41 52/27/41
f 51/25/42 55/26/42 53/27/42
f 52/25/37 50/28/37 49/26/37
f 54/25/38 52/28/38 51/26/38
f 56/25/39 54/28/39 53/26/39
f 50/25/40 56/28/40 55/26/40
f 54/25/41 56/28/41 50/26/41
f 51/25/42 49/28/42 55/26/42
